98.65
97.46
92.54
82.89
82.65
92.81
96.78
84.86
77.21
96.46
87.03
82.72
92.6
87.87
76.04
61.36
74.7
67.38
53.75
59.57
79.52
95.8
96.41
97.35
85.33
89.51
87.86
72.66
58.68
60.65
60.1
46.86
33.57
33.43
41.07
81.56
81.98
72.85
56.97
48.49
64.16
75.14
86.68
68.25
64.9
86.51
86.01
74.19
68.21
50.68
34.26
42.42
63.89
92.98
90.68
83.33
95.24
96.37
92.28
82.79
74.99
60.26
48.92
41.26
31.03
29.7
31.41
38.52
42.81
40.6
48.06
55.23
63.33
70.03
80.56
82.73
90.86
76.74
79.71
61.88
61.57
59.63
75.35
72.61
63.26
47.74
42.71
49.08
64.59
68.75
55.99
61.92
53.82
91.36
93.5
74.53
60.67
53.99
47.21
38.32
38.02
43.22
67.56
84.73
94.46
95.66
97.9
97.19
96.37
97.09
92.38
89.48
95.42
90.31
89.07
79.84
64.64
52.21
40.82
71.83
82.66
91.51
92.03
88.82
72.62
68.33
95.52
95.75
93.75
91.57
74.25
56.58
63.28
51.51
34.48
37.05
49.89
68.34
74.08
63.56
44.82
41.41
37.56
36.59
43.68
41.71
62.49
60.32
54.22
80.94
88.84
91.47
95.67
93.82
72.73
57.66
57.2
37.5
46.31
44.2
55.24
95.49
90.47
73.57
76.04
84.48
65.54
57.6
59.55
51.34
39.26
34.01
38.04
63.64
96.79
76.91
77.29
96.88
96.69
98.34
93.08
95.11
97.6
88.67
92.74
88.14
88.13
90.26
79.91
86.07
70.89
60.16
60.44
51.65
43.44
42.45
